
Particle Swarm Optimisation

PARAMETERS
---------
Population size :  20
Dimensions      :  332
c1              :  1
c2              :  1
function        :  silhouete
RESULTS
-------
gbest fitness   :  0.999999996806
iterations      :  50
time duration   : 50.5329999924 s
Classificacao Final:
{0: [0,
     6,
     8,
     11,
     16,
     20,
     21,
     22,
     26,
     30,
     50,
     55,
     62,
     81,
     84,
     85,
     92,
     93,
     101,
     102,
     104,
     105,
     106,
     115,
     119,
     120,
     124,
     134,
     136,
     159,
     160,
     161,
     166,
     167,
     174,
     175,
     182,
     184,
     192,
     193,
     195,
     204,
     206,
     213,
     214,
     217,
     219,
     220,
     222,
     225,
     240,
     243,
     247,
     266,
     268,
     271,
     273,
     284,
     286,
     293,
     295,
     301,
     306,
     321],
 1: [1,
     2,
     3,
     4,
     5,
     7,
     9,
     10,
     12,
     13,
     14,
     15,
     17,
     18,
     19,
     23,
     24,
     25,
     27,
     28,
     29,
     31,
     32,
     33,
     34,
     35,
     36,
     37,
     38,
     39,
     40,
     41,
     42,
     43,
     44,
     45,
     46,
     47,
     48,
     49,
     51,
     52,
     53,
     54,
     56,
     57,
     58,
     59,
     60,
     61,
     63,
     64,
     65,
     66,
     67,
     68,
     69,
     70,
     71,
     72,
     73,
     74,
     75,
     76,
     77,
     78,
     79,
     80,
     82,
     83,
     86,
     87,
     88,
     89,
     90,
     91,
     94,
     95,
     96,
     97,
     98,
     99,
     100,
     103,
     107,
     108,
     109,
     110,
     111,
     112,
     113,
     114,
     116,
     117,
     118,
     121,
     122,
     123,
     125,
     126,
     127,
     128,
     129,
     130,
     131,
     132,
     133,
     135,
     137,
     138,
     139,
     140,
     141,
     142,
     143,
     144,
     145,
     146,
     147,
     148,
     149,
     150,
     151,
     152,
     153,
     154,
     155,
     156,
     157,
     158,
     162,
     163,
     164,
     165,
     168,
     169,
     170,
     171,
     172,
     173,
     176,
     177,
     178,
     179,
     180,
     181,
     183,
     185,
     186,
     187,
     188,
     189,
     190,
     191,
     194,
     196,
     197,
     198,
     199,
     200,
     201,
     202,
     203,
     205,
     207,
     208,
     209,
     210,
     211,
     212,
     215,
     216,
     218,
     221,
     223,
     224,
     226,
     227,
     228,
     229,
     230,
     231,
     232,
     233,
     234,
     235,
     236,
     237,
     238,
     239,
     241,
     242,
     244,
     245,
     246,
     248,
     249,
     250,
     251,
     252,
     253,
     254,
     255,
     256,
     257,
     258,
     259,
     260,
     261,
     262,
     263,
     264,
     265,
     267,
     269,
     270,
     272,
     274,
     275,
     276,
     277,
     278,
     279,
     280,
     281,
     282,
     283,
     285,
     287,
     288,
     289,
     290,
     291,
     292,
     294,
     296,
     297,
     298,
     299,
     300,
     302,
     303,
     304,
     305,
     307,
     308,
     309,
     310,
     311,
     312,
     313,
     314,
     315,
     316,
     317,
     318,
     319,
     320,
     322,
     323,
     324,
     325,
     326,
     327,
     328,
     329,
     330,
     331]}
Classification report for classifier CLUDIPSO:
             precision    recall  f1-score   support

        0.0       0.50      0.19      0.28       166
        1.0       0.50      0.81      0.62       166

avg / total       0.50      0.50      0.45       332


Confusion matrix:
[[ 32 134]
 [ 32 134]]
Silhouette Coefficient: -0.006
