
Particle Swarm Optimisation

PARAMETERS
---------
Population size :  20
Dimensions      :  600
c1              :  1
c2              :  1
function        :  silhouete
RESULTS
-------
gbest fitness   :  0.999999924589
time duration   : 905.477999926 s
Classificacao Final:
{0: [2,
     4,
     5,
     8,
     9,
     10,
     11,
     12,
     14,
     18,
     22,
     31,
     32,
     37,
     38,
     40,
     43,
     46,
     47,
     48,
     56,
     57,
     59,
     61,
     63,
     74,
     83,
     90,
     94,
     96,
     100,
     121,
     125,
     127,
     138,
     140,
     143,
     146,
     147,
     149,
     152,
     154,
     160,
     163,
     167,
     171,
     172,
     176,
     177,
     178,
     179,
     182,
     186,
     191,
     192,
     193,
     196,
     197,
     199,
     200,
     201,
     202,
     210,
     213,
     216,
     219,
     221,
     223,
     224,
     233,
     235,
     238,
     239,
     247,
     248,
     254,
     256,
     263,
     272,
     279,
     281,
     282,
     285,
     289,
     291,
     296,
     299,
     302,
     305,
     308,
     309,
     319,
     321,
     324,
     325,
     333,
     342,
     344,
     345,
     354,
     358,
     360,
     366,
     369,
     372,
     381,
     384,
     387,
     388,
     396,
     397,
     398,
     406,
     411,
     414,
     417,
     422,
     423,
     426,
     433,
     435,
     439,
     440,
     441,
     442,
     446,
     448,
     450,
     452,
     461,
     462,
     463,
     471,
     479,
     482,
     484,
     485,
     489,
     490,
     493,
     496,
     497,
     500,
     501,
     502,
     509,
     512,
     514,
     518,
     520,
     522,
     528,
     531,
     532,
     536,
     538,
     543,
     544,
     545,
     549,
     553,
     555,
     557,
     559,
     560,
     562,
     563,
     569,
     572,
     580,
     581,
     588,
     594,
     595,
     599],
 1: [0,
     1,
     3,
     6,
     7,
     13,
     15,
     16,
     17,
     19,
     20,
     21,
     23,
     24,
     25,
     26,
     27,
     28,
     29,
     30,
     33,
     34,
     35,
     36,
     39,
     41,
     42,
     44,
     45,
     49,
     50,
     51,
     52,
     53,
     54,
     55,
     58,
     60,
     62,
     64,
     65,
     66,
     67,
     68,
     69,
     70,
     71,
     72,
     73,
     75,
     76,
     77,
     78,
     79,
     80,
     81,
     82,
     84,
     85,
     86,
     87,
     88,
     89,
     91,
     92,
     93,
     95,
     97,
     98,
     99,
     101,
     102,
     103,
     104,
     105,
     106,
     107,
     108,
     109,
     110,
     111,
     112,
     113,
     114,
     115,
     116,
     117,
     118,
     119,
     120,
     122,
     123,
     124,
     126,
     128,
     129,
     130,
     131,
     132,
     133,
     134,
     135,
     136,
     137,
     139,
     141,
     142,
     144,
     145,
     148,
     150,
     151,
     153,
     155,
     156,
     157,
     158,
     159,
     161,
     162,
     164,
     165,
     166,
     168,
     169,
     170,
     173,
     174,
     175,
     180,
     181,
     183,
     184,
     185,
     187,
     188,
     189,
     190,
     194,
     195,
     198,
     203,
     204,
     205,
     206,
     207,
     208,
     209,
     211,
     212,
     214,
     215,
     217,
     218,
     220,
     222,
     225,
     226,
     227,
     228,
     229,
     230,
     231,
     232,
     234,
     236,
     237,
     240,
     241,
     242,
     243,
     244,
     245,
     246,
     249,
     250,
     251,
     252,
     253,
     255,
     257,
     258,
     259,
     260,
     261,
     262,
     264,
     265,
     266,
     267,
     268,
     269,
     270,
     271,
     273,
     274,
     275,
     276,
     277,
     278,
     280,
     283,
     284,
     286,
     287,
     288,
     290,
     292,
     293,
     294,
     295,
     297,
     298,
     300,
     301,
     303,
     304,
     306,
     307,
     310,
     311,
     312,
     313,
     314,
     315,
     316,
     317,
     318,
     320,
     322,
     323,
     326,
     327,
     328,
     329,
     330,
     331,
     332,
     334,
     335,
     336,
     337,
     338,
     339,
     340,
     341,
     343,
     346,
     347,
     348,
     349,
     350,
     351,
     352,
     353,
     355,
     356,
     357,
     359,
     361,
     362,
     363,
     364,
     365,
     367,
     368,
     370,
     371,
     373,
     374,
     375,
     376,
     377,
     378,
     379,
     380,
     382,
     383,
     385,
     386,
     389,
     390,
     391,
     392,
     393,
     394,
     395,
     399,
     400,
     401,
     402,
     403,
     404,
     405,
     407,
     408,
     409,
     410,
     412,
     413,
     415,
     416,
     418,
     419,
     420,
     421,
     424,
     425,
     427,
     428,
     429,
     430,
     431,
     432,
     434,
     436,
     437,
     438,
     443,
     444,
     445,
     447,
     449,
     451,
     453,
     454,
     455,
     456,
     457,
     458,
     459,
     460,
     464,
     465,
     466,
     467,
     468,
     469,
     470,
     472,
     473,
     474,
     475,
     476,
     477,
     478,
     480,
     481,
     483,
     486,
     487,
     488,
     491,
     492,
     494,
     495,
     498,
     499,
     503,
     504,
     505,
     506,
     507,
     508,
     510,
     511,
     513,
     515,
     516,
     517,
     519,
     521,
     523,
     524,
     525,
     526,
     527,
     529,
     530,
     533,
     534,
     535,
     537,
     539,
     540,
     541,
     542,
     546,
     547,
     548,
     550,
     551,
     552,
     554,
     556,
     558,
     561,
     564,
     565,
     566,
     567,
     568,
     570,
     571,
     573,
     574,
     575,
     576,
     577,
     578,
     579,
     582,
     583,
     584,
     585,
     586,
     587,
     589,
     590,
     591,
     592,
     593,
     596,
     597,
     598]}
Classification report for classifier CLUDIPSO:
             precision    recall  f1-score   support

          0       0.50      0.29      0.37       300
          1       0.50      0.71      0.59       300

avg / total       0.50      0.50      0.48       600


Confusion matrix:
[[ 88 212]
 [ 87 213]]
Silhouette Coefficient: -0.003
