
Particle Swarm Optimisation

PARAMETERS
---------
Population size :  20
Dimensions      :  332
c1              :  1
c2              :  1
function        :  silhouete
RESULTS
-------
gbest fitness   :  0.999999996806
iterations      :  50
time duration   : 44.393999815 s
Classificacao Final:
{0: [1,
     5,
     6,
     7,
     10,
     13,
     14,
     18,
     25,
     26,
     34,
     46,
     49,
     50,
     54,
     55,
     65,
     68,
     72,
     81,
     88,
     93,
     97,
     104,
     108,
     109,
     111,
     112,
     116,
     147,
     148,
     150,
     152,
     161,
     168,
     170,
     187,
     190,
     193,
     195,
     201,
     202,
     205,
     226,
     230,
     232,
     237,
     238,
     242,
     245,
     250,
     258,
     262,
     271,
     286,
     288,
     296,
     303,
     306,
     307,
     308,
     314,
     322,
     326],
 1: [0,
     2,
     3,
     4,
     8,
     9,
     11,
     12,
     15,
     16,
     17,
     19,
     20,
     21,
     22,
     23,
     24,
     27,
     28,
     29,
     30,
     31,
     32,
     33,
     35,
     36,
     37,
     38,
     39,
     40,
     41,
     42,
     43,
     44,
     45,
     47,
     48,
     51,
     52,
     53,
     56,
     57,
     58,
     59,
     60,
     61,
     62,
     63,
     64,
     66,
     67,
     69,
     70,
     71,
     73,
     74,
     75,
     76,
     77,
     78,
     79,
     80,
     82,
     83,
     84,
     85,
     86,
     87,
     89,
     90,
     91,
     92,
     94,
     95,
     96,
     98,
     99,
     100,
     101,
     102,
     103,
     105,
     106,
     107,
     110,
     113,
     114,
     115,
     117,
     118,
     119,
     120,
     121,
     122,
     123,
     124,
     125,
     126,
     127,
     128,
     129,
     130,
     131,
     132,
     133,
     134,
     135,
     136,
     137,
     138,
     139,
     140,
     141,
     142,
     143,
     144,
     145,
     146,
     149,
     151,
     153,
     154,
     155,
     156,
     157,
     158,
     159,
     160,
     162,
     163,
     164,
     165,
     166,
     167,
     169,
     171,
     172,
     173,
     174,
     175,
     176,
     177,
     178,
     179,
     180,
     181,
     182,
     183,
     184,
     185,
     186,
     188,
     189,
     191,
     192,
     194,
     196,
     197,
     198,
     199,
     200,
     203,
     204,
     206,
     207,
     208,
     209,
     210,
     211,
     212,
     213,
     214,
     215,
     216,
     217,
     218,
     219,
     220,
     221,
     222,
     223,
     224,
     225,
     227,
     228,
     229,
     231,
     233,
     234,
     235,
     236,
     239,
     240,
     241,
     243,
     244,
     246,
     247,
     248,
     249,
     251,
     252,
     253,
     254,
     255,
     256,
     257,
     259,
     260,
     261,
     263,
     264,
     265,
     266,
     267,
     268,
     269,
     270,
     272,
     273,
     274,
     275,
     276,
     277,
     278,
     279,
     280,
     281,
     282,
     283,
     284,
     285,
     287,
     289,
     290,
     291,
     292,
     293,
     294,
     295,
     297,
     298,
     299,
     300,
     301,
     302,
     304,
     305,
     309,
     310,
     311,
     312,
     313,
     315,
     316,
     317,
     318,
     319,
     320,
     321,
     323,
     324,
     325,
     327,
     328,
     329,
     330,
     331]}
Classification report for classifier CLUDIPSO:
             precision    recall  f1-score   support

        0.0       0.53      0.20      0.30       166
        1.0       0.51      0.82      0.63       166

avg / total       0.52      0.51      0.46       332


Confusion matrix:
[[ 34 132]
 [ 30 136]]
Silhouette Coefficient: -0.005
