
Particle Swarm Optimisation

PARAMETERS
---------
Population size :  20
Dimensions      :  600
c1              :  1
c2              :  1
function        :  silhouete
RESULTS
-------
gbest fitness   :  0.999999920574
time duration   : 2033.22900009 s
Classificacao Final:
{0: [0,
     2,
     4,
     6,
     8,
     11,
     14,
     16,
     22,
     39,
     40,
     42,
     48,
     50,
     52,
     53,
     55,
     57,
     58,
     63,
     64,
     67,
     75,
     86,
     88,
     93,
     96,
     101,
     110,
     111,
     113,
     126,
     129,
     140,
     142,
     143,
     147,
     152,
     160,
     174,
     182,
     188,
     192,
     199,
     205,
     212,
     213,
     214,
     215,
     228,
     231,
     240,
     249,
     253,
     258,
     259,
     264,
     266,
     270,
     274,
     277,
     283,
     289,
     290,
     291,
     293,
     294,
     299,
     301,
     304,
     319,
     321,
     325,
     330,
     332,
     333,
     334,
     335,
     339,
     342,
     348,
     360,
     363,
     365,
     367,
     371,
     374,
     376,
     381,
     382,
     384,
     385,
     388,
     392,
     398,
     401,
     406,
     408,
     414,
     422,
     425,
     426,
     430,
     443,
     447,
     449,
     452,
     455,
     458,
     459,
     461,
     463,
     464,
     466,
     469,
     476,
     481,
     485,
     488,
     491,
     501,
     506,
     519,
     521,
     524,
     530,
     535,
     541,
     542,
     544,
     546,
     547,
     549,
     566,
     568,
     571,
     574,
     576,
     580,
     584,
     587,
     589,
     596,
     597,
     598],
 1: [1,
     3,
     5,
     7,
     9,
     10,
     12,
     13,
     15,
     17,
     18,
     19,
     20,
     21,
     23,
     24,
     25,
     26,
     27,
     28,
     29,
     30,
     31,
     32,
     33,
     34,
     35,
     36,
     37,
     38,
     41,
     43,
     44,
     45,
     46,
     47,
     49,
     51,
     54,
     56,
     59,
     60,
     61,
     62,
     65,
     66,
     68,
     69,
     70,
     71,
     72,
     73,
     74,
     76,
     77,
     78,
     79,
     80,
     81,
     82,
     83,
     84,
     85,
     87,
     89,
     90,
     91,
     92,
     94,
     95,
     97,
     98,
     99,
     100,
     102,
     103,
     104,
     105,
     106,
     107,
     108,
     109,
     112,
     114,
     115,
     116,
     117,
     118,
     119,
     120,
     121,
     122,
     123,
     124,
     125,
     127,
     128,
     130,
     131,
     132,
     133,
     134,
     135,
     136,
     137,
     138,
     139,
     141,
     144,
     145,
     146,
     148,
     149,
     150,
     151,
     153,
     154,
     155,
     156,
     157,
     158,
     159,
     161,
     162,
     163,
     164,
     165,
     166,
     167,
     168,
     169,
     170,
     171,
     172,
     173,
     175,
     176,
     177,
     178,
     179,
     180,
     181,
     183,
     184,
     185,
     186,
     187,
     189,
     190,
     191,
     193,
     194,
     195,
     196,
     197,
     198,
     200,
     201,
     202,
     203,
     204,
     206,
     207,
     208,
     209,
     210,
     211,
     216,
     217,
     218,
     219,
     220,
     221,
     222,
     223,
     224,
     225,
     226,
     227,
     229,
     230,
     232,
     233,
     234,
     235,
     236,
     237,
     238,
     239,
     241,
     242,
     243,
     244,
     245,
     246,
     247,
     248,
     250,
     251,
     252,
     254,
     255,
     256,
     257,
     260,
     261,
     262,
     263,
     265,
     267,
     268,
     269,
     271,
     272,
     273,
     275,
     276,
     278,
     279,
     280,
     281,
     282,
     284,
     285,
     286,
     287,
     288,
     292,
     295,
     296,
     297,
     298,
     300,
     302,
     303,
     305,
     306,
     307,
     308,
     309,
     310,
     311,
     312,
     313,
     314,
     315,
     316,
     317,
     318,
     320,
     322,
     323,
     324,
     326,
     327,
     328,
     329,
     331,
     336,
     337,
     338,
     340,
     341,
     343,
     344,
     345,
     346,
     347,
     349,
     350,
     351,
     352,
     353,
     354,
     355,
     356,
     357,
     358,
     359,
     361,
     362,
     364,
     366,
     368,
     369,
     370,
     372,
     373,
     375,
     377,
     378,
     379,
     380,
     383,
     386,
     387,
     389,
     390,
     391,
     393,
     394,
     395,
     396,
     397,
     399,
     400,
     402,
     403,
     404,
     405,
     407,
     409,
     410,
     411,
     412,
     413,
     415,
     416,
     417,
     418,
     419,
     420,
     421,
     423,
     424,
     427,
     428,
     429,
     431,
     432,
     433,
     434,
     435,
     436,
     437,
     438,
     439,
     440,
     441,
     442,
     444,
     445,
     446,
     448,
     450,
     451,
     453,
     454,
     456,
     457,
     460,
     462,
     465,
     467,
     468,
     470,
     471,
     472,
     473,
     474,
     475,
     477,
     478,
     479,
     480,
     482,
     483,
     484,
     486,
     487,
     489,
     490,
     492,
     493,
     494,
     495,
     496,
     497,
     498,
     499,
     500,
     502,
     503,
     504,
     505,
     507,
     508,
     509,
     510,
     511,
     512,
     513,
     514,
     515,
     516,
     517,
     518,
     520,
     522,
     523,
     525,
     526,
     527,
     528,
     529,
     531,
     532,
     533,
     534,
     536,
     537,
     538,
     539,
     540,
     543,
     545,
     548,
     550,
     551,
     552,
     553,
     554,
     555,
     556,
     557,
     558,
     559,
     560,
     561,
     562,
     563,
     564,
     565,
     567,
     569,
     570,
     572,
     573,
     575,
     577,
     578,
     579,
     581,
     582,
     583,
     585,
     586,
     588,
     590,
     591,
     592,
     593,
     594,
     595,
     599]}
Classification report for classifier CLUDIPSO:
             precision    recall  f1-score   support

          0       0.53      0.26      0.35       300
          1       0.51      0.77      0.61       300

avg / total       0.52      0.52      0.48       600


Confusion matrix:
[[ 77 223]
 [ 68 232]]
Silhouette Coefficient: -0.002
