
Particle Swarm Optimisation

PARAMETERS
---------
Population size :  20
Dimensions      :  332
c1              :  1
c2              :  1
function        :  silhouete
RESULTS
-------
gbest fitness   :  0.999999988184
time duration   : 98.6540000439 s
Classificacao Final:
{0: [1,
     4,
     6,
     10,
     11,
     13,
     14,
     15,
     17,
     21,
     22,
     27,
     34,
     39,
     41,
     43,
     60,
     63,
     69,
     77,
     80,
     83,
     87,
     92,
     93,
     94,
     95,
     106,
     108,
     115,
     125,
     134,
     141,
     142,
     152,
     162,
     179,
     192,
     193,
     198,
     202,
     204,
     206,
     209,
     211,
     216,
     217,
     222,
     228,
     229,
     230,
     242,
     246,
     247,
     248,
     252,
     253,
     255,
     263,
     265,
     275,
     281,
     284,
     290,
     295,
     302,
     303,
     311,
     312],
 1: [0,
     2,
     3,
     5,
     7,
     8,
     9,
     12,
     16,
     18,
     19,
     20,
     23,
     24,
     25,
     26,
     28,
     29,
     30,
     31,
     32,
     33,
     35,
     36,
     37,
     38,
     40,
     42,
     44,
     45,
     46,
     47,
     48,
     49,
     50,
     51,
     52,
     53,
     54,
     55,
     56,
     57,
     58,
     59,
     61,
     62,
     64,
     65,
     66,
     67,
     68,
     70,
     71,
     72,
     73,
     74,
     75,
     76,
     78,
     79,
     81,
     82,
     84,
     85,
     86,
     88,
     89,
     90,
     91,
     96,
     97,
     98,
     99,
     100,
     101,
     102,
     103,
     104,
     105,
     107,
     109,
     110,
     111,
     112,
     113,
     114,
     116,
     117,
     118,
     119,
     120,
     121,
     122,
     123,
     124,
     126,
     127,
     128,
     129,
     130,
     131,
     132,
     133,
     135,
     136,
     137,
     138,
     139,
     140,
     143,
     144,
     145,
     146,
     147,
     148,
     149,
     150,
     151,
     153,
     154,
     155,
     156,
     157,
     158,
     159,
     160,
     161,
     163,
     164,
     165,
     166,
     167,
     168,
     169,
     170,
     171,
     172,
     173,
     174,
     175,
     176,
     177,
     178,
     180,
     181,
     182,
     183,
     184,
     185,
     186,
     187,
     188,
     189,
     190,
     191,
     194,
     195,
     196,
     197,
     199,
     200,
     201,
     203,
     205,
     207,
     208,
     210,
     212,
     213,
     214,
     215,
     218,
     219,
     220,
     221,
     223,
     224,
     225,
     226,
     227,
     231,
     232,
     233,
     234,
     235,
     236,
     237,
     238,
     239,
     240,
     241,
     243,
     244,
     245,
     249,
     250,
     251,
     254,
     256,
     257,
     258,
     259,
     260,
     261,
     262,
     264,
     266,
     267,
     268,
     269,
     270,
     271,
     272,
     273,
     274,
     276,
     277,
     278,
     279,
     280,
     282,
     283,
     285,
     286,
     287,
     288,
     289,
     291,
     292,
     293,
     294,
     296,
     297,
     298,
     299,
     300,
     301,
     304,
     305,
     306,
     307,
     308,
     309,
     310,
     313,
     314,
     315,
     316,
     317,
     318,
     319,
     320,
     321,
     322,
     323,
     324,
     325,
     326,
     327,
     328,
     329,
     330,
     331]}
Classification report for classifier CLUDIPSO:
             precision    recall  f1-score   support

          0       0.52      0.22      0.31       166
          1       0.51      0.80      0.62       166

avg / total       0.51      0.51      0.46       332


Confusion matrix:
[[ 36 130]
 [ 33 133]]
Silhouette Coefficient: -0.005
