
Particle Swarm Optimisation

PARAMETERS
---------
Population size :  20
Dimensions      :  600
c1              :  1
c2              :  1
function        :  silhouete
RESULTS
-------
gbest fitness   :  0.999999917994
time duration   : 4272.08299994 s
Classificacao Final:
{0: [0,
     1,
     14,
     16,
     17,
     23,
     24,
     31,
     32,
     46,
     51,
     53,
     59,
     62,
     63,
     64,
     69,
     74,
     75,
     79,
     81,
     87,
     105,
     106,
     110,
     118,
     123,
     124,
     126,
     128,
     133,
     138,
     140,
     147,
     154,
     156,
     157,
     158,
     165,
     166,
     167,
     168,
     169,
     170,
     171,
     175,
     185,
     188,
     194,
     198,
     200,
     209,
     218,
     219,
     221,
     223,
     224,
     229,
     237,
     239,
     249,
     251,
     258,
     260,
     262,
     263,
     267,
     269,
     279,
     281,
     282,
     286,
     288,
     289,
     290,
     291,
     295,
     299,
     303,
     305,
     307,
     308,
     322,
     325,
     333,
     339,
     347,
     350,
     352,
     358,
     365,
     369,
     376,
     377,
     382,
     386,
     388,
     391,
     396,
     399,
     401,
     403,
     404,
     406,
     408,
     410,
     412,
     413,
     415,
     418,
     425,
     426,
     427,
     431,
     432,
     433,
     434,
     450,
     451,
     453,
     457,
     461,
     463,
     465,
     467,
     469,
     478,
     479,
     482,
     486,
     491,
     494,
     503,
     511,
     512,
     513,
     520,
     521,
     522,
     523,
     525,
     528,
     529,
     530,
     533,
     543,
     557,
     559,
     561,
     562,
     567,
     572,
     579,
     584,
     592,
     594],
 1: [2,
     3,
     4,
     5,
     6,
     7,
     8,
     9,
     10,
     11,
     12,
     13,
     15,
     18,
     19,
     20,
     21,
     22,
     25,
     26,
     27,
     28,
     29,
     30,
     33,
     34,
     35,
     36,
     37,
     38,
     39,
     40,
     41,
     42,
     43,
     44,
     45,
     47,
     48,
     49,
     50,
     52,
     54,
     55,
     56,
     57,
     58,
     60,
     61,
     65,
     66,
     67,
     68,
     70,
     71,
     72,
     73,
     76,
     77,
     78,
     80,
     82,
     83,
     84,
     85,
     86,
     88,
     89,
     90,
     91,
     92,
     93,
     94,
     95,
     96,
     97,
     98,
     99,
     100,
     101,
     102,
     103,
     104,
     107,
     108,
     109,
     111,
     112,
     113,
     114,
     115,
     116,
     117,
     119,
     120,
     121,
     122,
     125,
     127,
     129,
     130,
     131,
     132,
     134,
     135,
     136,
     137,
     139,
     141,
     142,
     143,
     144,
     145,
     146,
     148,
     149,
     150,
     151,
     152,
     153,
     155,
     159,
     160,
     161,
     162,
     163,
     164,
     172,
     173,
     174,
     176,
     177,
     178,
     179,
     180,
     181,
     182,
     183,
     184,
     186,
     187,
     189,
     190,
     191,
     192,
     193,
     195,
     196,
     197,
     199,
     201,
     202,
     203,
     204,
     205,
     206,
     207,
     208,
     210,
     211,
     212,
     213,
     214,
     215,
     216,
     217,
     220,
     222,
     225,
     226,
     227,
     228,
     230,
     231,
     232,
     233,
     234,
     235,
     236,
     238,
     240,
     241,
     242,
     243,
     244,
     245,
     246,
     247,
     248,
     250,
     252,
     253,
     254,
     255,
     256,
     257,
     259,
     261,
     264,
     265,
     266,
     268,
     270,
     271,
     272,
     273,
     274,
     275,
     276,
     277,
     278,
     280,
     283,
     284,
     285,
     287,
     292,
     293,
     294,
     296,
     297,
     298,
     300,
     301,
     302,
     304,
     306,
     309,
     310,
     311,
     312,
     313,
     314,
     315,
     316,
     317,
     318,
     319,
     320,
     321,
     323,
     324,
     326,
     327,
     328,
     329,
     330,
     331,
     332,
     334,
     335,
     336,
     337,
     338,
     340,
     341,
     342,
     343,
     344,
     345,
     346,
     348,
     349,
     351,
     353,
     354,
     355,
     356,
     357,
     359,
     360,
     361,
     362,
     363,
     364,
     366,
     367,
     368,
     370,
     371,
     372,
     373,
     374,
     375,
     378,
     379,
     380,
     381,
     383,
     384,
     385,
     387,
     389,
     390,
     392,
     393,
     394,
     395,
     397,
     398,
     400,
     402,
     405,
     407,
     409,
     411,
     414,
     416,
     417,
     419,
     420,
     421,
     422,
     423,
     424,
     428,
     429,
     430,
     435,
     436,
     437,
     438,
     439,
     440,
     441,
     442,
     443,
     444,
     445,
     446,
     447,
     448,
     449,
     452,
     454,
     455,
     456,
     458,
     459,
     460,
     462,
     464,
     466,
     468,
     470,
     471,
     472,
     473,
     474,
     475,
     476,
     477,
     480,
     481,
     483,
     484,
     485,
     487,
     488,
     489,
     490,
     492,
     493,
     495,
     496,
     497,
     498,
     499,
     500,
     501,
     502,
     504,
     505,
     506,
     507,
     508,
     509,
     510,
     514,
     515,
     516,
     517,
     518,
     519,
     524,
     526,
     527,
     531,
     532,
     534,
     535,
     536,
     537,
     538,
     539,
     540,
     541,
     542,
     544,
     545,
     546,
     547,
     548,
     549,
     550,
     551,
     552,
     553,
     554,
     555,
     556,
     558,
     560,
     563,
     564,
     565,
     566,
     568,
     569,
     570,
     571,
     573,
     574,
     575,
     576,
     577,
     578,
     580,
     581,
     582,
     583,
     585,
     586,
     587,
     588,
     589,
     590,
     591,
     593,
     595,
     596,
     597,
     598,
     599]}
Classification report for classifier CLUDIPSO:
             precision    recall  f1-score   support

          0       0.50      0.26      0.34       300
          1       0.50      0.74      0.60       300

avg / total       0.50      0.50      0.47       600


Confusion matrix:
[[ 78 222]
 [ 78 222]]
Silhouette Coefficient: -0.003
